,AKRA.JK,ANTM.JK,ASII.JK,AUTO.JK,AVIA.JK,BBCA.JK,BBNI.JK,BBRI.JK,BBTN.JK,BIRD.JK,BJBR.JK,BJTM.JK,BMRI.JK,BTPS.JK,CTRA.JK,DSNG.JK,ELSA.JK,EMTK.JK,ESSA.JK,HEAL.JK,ICBP.JK,INCO.JK,INDF.JK,INTP.JK,JPFA.JK,JSMR.JK,KLBF.JK,MPMX.JK,MTEL.JK,PGEO.JK,PNBN.JK,POWR.JK,PRDA.JK,PWON.JK,SCMA.JK,SIDO.JK,SILO.JK,SIMP.JK,SMGR.JK,SMSM.JK,SSMS.JK,TAPG.JK,TLKM.JK,UNTR.JK,UNVR.JK
AKRA.JK,0,93767,1678147,292388,400089,3502111,1400469,1441544,30846,113963,117906,369954,1838420,127992,60845,259011,454990,387188,303604,31926,4328947,1563260,2336773,3287177,54725,1412228,118751,197563,337520,70905,66431,347661,1331645,437004,569733,351157,362514,462770,1733586,105968,51986,386115,880455,9895052,701492
ANTM.JK,93767,0,1597881,275636,480355,3421845,1320203,1361278,154671,58233,238392,450220,1758154,77020,192317,391455,535256,467454,383870,62525,4248681,1482994,2256507,3206911,138548,1331962,35715,280895,417786,190465,94403,427927,1251379,517270,649999,431423,365096,543036,1653320,86593,74071,466381,800189,9814786,560095
ASII.JK,1678147,1597881,0,1314574,2078236,1823964,187891,131592,1767260,1512266,1836273,2048101,142238,1637688,1798284,2001161,2133137,2065335,1981751,1681099,2650800,279570,564078,1519070,1711030,232370,1552607,1878776,2015667,1824485,1709591,2025808,377395,2115151,2247880,2029304,1240619,2140917,260562,1493462,1773428,2064262,797691,8216905,961404
AUTO.JK,292388,275636,1314574,0,763661,3138539,1036897,1077971,419455,112604,521698,733526,1474847,300839,466888,681755,818563,750760,667176,262842,3965374,1169061,1973200,2923605,186956,1035666,220563,564202,701093,491811,182887,711233,813991,800577,933306,714729,108283,826343,1256890,90837,332903,749687,378587,9531480,281852
AVIA.JK,400089,480355,2078236,763661,0,3902200,1800558,1841633,310976,565969,241962,19817,2238509,440547,279951,79618,47722,24094,89173,397136,4729036,1963349,2736862,3687266,367206,1812318,525628,199459,40123,251658,368645,47987,1731735,21771,169644,39667,837616,46694,2133675,584773,304807,55808,1280544,10295142,1116832
BBCA.JK,3502111,3421845,1823964,3138539,3902200,0,2101642,2060567,3591224,3336231,3660238,3872066,1663691,3461653,3622249,3825126,3957102,3889299,3805716,3505064,446194,1938851,943602,642855,3534994,2089882,3376572,3702741,3839632,3648450,3533555,3849773,2170465,3939116,4071845,3853269,3064584,3964882,1768525,3317426,3597393,3888227,2621656,6392941,2785368
BBNI.JK,1400469,1320203,187891,1036897,1800558,2101642,0,47941,1489582,1234589,1558596,1770424,236153,1360010,1520607,1723484,1855460,1787657,1704073,1403421,2928477,420983,936303,1886708,1433352,82048,1274930,1601099,1737990,1546808,1431913,1748131,405228,1837474,1970203,1751626,933444,1863240,551238,1215784,1495751,1786584,435906,8494583,562636
BBRI.JK,1441544,1361278,131592,1077971,1841633,2060567,47941,0,1530657,1275663,1599670,1811498,235340,1401085,1561681,1764558,1896534,1828732,1745148,1444496,2887403,311750,860131,1845633,1474427,109309,1316004,1642173,1779064,1587882,1472988,1789205,247544,1878548,2011277,1792701,996819,1904314,362380,1256859,1536825,1827659,436978,8453508,523937
BBTN.JK,30846,154671,1767260,419455,310976,3591224,1489582,1530657,0,241288,28290,280841,1927533,153535,18534,178025,365877,294365,191049,64789,4418060,1652373,2425886,3376290,60830,1501341,184450,85428,248407,45952,71227,258548,1420758,347891,480620,262044,472832,373657,1822699,216003,54651,297002,969568,9984166,805856
BIRD.JK,113963,58233,1512266,112604,565969,3336231,1234589,1275663,241288,0,324006,535834,1672539,135847,286017,488895,620870,553068,469484,119255,4163066,1397380,2170893,3121297,146863,1246348,59468,366510,503401,288394,143367,513541,1165765,602884,735614,517037,223657,628651,1567706,28791,181742,551995,714574,9729172,428941
BJBR.JK,117906,238392,1836273,521698,241962,3660238,1558596,1599670,28290,324006,0,211828,1996546,161743,32023,176425,296864,203109,108764,135734,4487073,1721386,2494899,3445304,120681,1570355,283665,23875,179394,57570,117034,189535,1489772,278878,411607,193030,595653,304644,1891712,342811,49506,227163,1038581,10053179,874869
BJTM.JK,369954,450220,2048101,733526,19817,3872066,1770424,1811498,280841,535834,211828,0,2208374,410413,249816,56603,83465,28084,65747,367002,4698901,1933214,2706727,3657132,337071,1782183,495493,169324,16498,217615,338510,25063,1701600,65147,199779,21917,807481,92816,2103540,554639,274672,65245,1250409,10265007,1086697
BMRI.JK,1838420,1758154,142238,1474847,2238509,1663691,236153,235340,1927533,1672539,1996546,2208374,0,1797961,1958557,2161434,2293410,2225608,2142024,1841372,2490527,566359,362286,1376295,1871303,224387,1712880,2039050,2175941,1984758,1869864,2186081,491621,2275424,2408153,2189577,1400892,2301190,410218,1653735,1933701,2224535,957964,8056632,1116451
BTPS.JK,127992,77020,1637688,300839,440547,3461653,1360010,1401085,153535,135847,161743,410413,1797961,0,179732,357103,495449,382560,287159,133743,4288488,1522801,2296314,3246718,199068,1371770,41938,215072,377979,164144,148963,388120,1291187,477463,610192,391616,449059,503229,1693127,190780,65572,425094,839996,9854594,512016
CTRA.JK,60845,192317,1798284,466888,279951,3622249,1520607,1561681,18534,286017,32023,249816,1958557,179732,0,126004,334852,234695,140055,101784,4449084,1683397,2456910,3407315,70058,1532366,234500,50955,217383,33860,86820,227523,1451783,316867,449596,231019,512199,342633,1853723,253507,64097,248509,1000592,10015190,836880
DSNG.JK,259011,391455,2001161,681755,79618,3825126,1723484,1764558,178025,488895,176425,56603,2161434,357103,126004,0,121678,70517,32243,290610,4651961,1886275,2659788,3610192,213772,1735243,444164,101961,47522,28823,248755,42656,1654660,104049,246718,54341,722132,139756,2056601,461064,213668,38760,1203470,10218067,1039757
ELSA.JK,454990,535256,2133137,818563,47722,3957102,1855460,1896534,365877,620870,296864,83465,2293410,495449,334852,121678,0,71230,138582,452038,4783937,2018250,2791763,3742168,422107,1867219,580529,254360,117469,308651,423546,103438,1786636,21276,114743,95118,892517,14060,2188576,639675,359708,56476,1335445,10350043,1171733
EMTK.JK,387188,467454,2065335,750760,24094,3889299,1787657,1828732,294365,553068,203109,28084,2225608,382560,234695,70517,71230,0,61738,384235,4716135,1950448,2723961,3674365,354305,1799416,512727,178413,39605,241824,355744,54305,1718833,44723,182545,22687,824715,63702,2120774,571872,289219,56279,1267643,10282241,1103931
ESSA.JK,303604,383870,1981751,667176,89173,3805716,1704073,1745148,191049,469484,108764,65747,2142024,287159,140055,32243,138582,61738,0,300652,4632551,1866864,2640377,3590782,270303,1715833,429143,74883,44858,83114,272160,47583,1635250,120990,266129,45970,741131,159166,2037190,488289,191873,41816,1184059,10198657,1020347
HEAL.JK,31926,62525,1681099,262842,397136,3505064,1403421,1444496,64789,119255,135734,367002,1841372,133743,101784,290610,452038,384235,300652,0,4331899,1566212,2339725,3290129,48354,1415181,103809,197677,334568,115518,37791,344709,1334598,434052,566781,348204,344247,459818,1736538,90892,41300,383163,883407,9898005,719450
ICBP.JK,4328947,4248681,2650800,3965374,4729036,446194,2928477,2887403,4418060,4163066,4487073,4698901,2490527,4288488,4449084,4651961,4783937,4716135,4632551,4331899,0,2765686,1992173,903254,4361830,2916718,4203407,4529577,4666468,4475285,4360391,4676608,2997301,4765951,4898680,4680104,3891419,4791717,2595360,4144262,4424228,4715062,3448491,5566105,3612204
INCO.JK,1563260,1482994,279570,1169061,1963349,1938851,420983,311750,1652373,1397380,1721386,1933214,566359,1522801,1683397,1886275,2018250,1950448,1866864,1566212,2765686,0,717130,1350986,1596143,491307,1437720,1763890,1900781,1709598,1594704,1910921,171038,2000264,2132994,1914417,1090583,2026031,69656,1378575,1658541,1949375,480552,8331792,567661
INDF.JK,2336773,2256507,564078,1973200,2736862,943602,936303,860131,2425886,2170893,2494899,2706727,362286,2296314,2456910,2659788,2791763,2723961,2640377,2339725,1992173,717130,0,893838,2369656,924203,2211233,2537403,2674294,2483111,2368217,2684434,888251,2773777,2906507,2687930,1899246,2799544,581306,2152088,2432054,2722888,1456318,7558279,1620030
INTP.JK,3287177,3206911,1519070,2923605,3687266,642855,1886708,1845633,3376290,3121297,3445304,3657132,1376295,3246718,3407315,3610192,3742168,3674365,3590782,3290129,903254,1350986,893838,0,3320060,1874948,3161638,3487807,3624698,3433516,3318621,3634839,1808139,3724182,3856911,3638334,2849650,3749948,1224374,3102492,3382459,3673293,2406722,6607875,2570434
JPFA.JK,54725,138548,1711030,186956,367206,3534994,1433352,1474427,60830,146863,120681,337071,1871303,199068,70058,213772,422107,354305,270303,48354,4361830,1596143,2369656,3320060,0,1445111,194402,151765,304637,113154,22077,314778,1364528,404121,536850,318274,233477,429887,1766469,60817,53861,353232,913338,9927936,755914
JSMR.JK,1412228,1331962,232370,1035666,1812318,2089882,82048,109309,1501341,1246348,1570355,1782183,224387,1371770,1532366,1735243,1867219,1799416,1715833,1415181,2916718,491307,924203,1874948,1445111,0,1286689,1612858,1749749,1558567,1443672,1759890,468866,1849233,1981962,1763386,716031,1874999,583095,1227544,1507510,1798344,540879,8482824,737952
KLBF.JK,118751,35715,1552607,220563,525628,3376572,1274930,1316004,184450,59468,283665,495493,1712880,41938,234500,444164,580529,512727,429143,103809,4203407,1437720,2211233,3161638,194402,1286689,0,326169,463060,195726,160012,473200,1206106,562544,695273,476696,362429,588310,1608047,107869,90947,511654,754915,9769513,426178
MPMX.JK,197563,280895,1878776,564202,199459,3702741,1601099,1642173,85428,366510,23875,169324,2039050,215072,50955,101961,254360,178413,74883,197677,4529577,1763890,2537403,3487807,151765,1612858,326169,0,136891,59000,167574,147031,1532275,236374,369103,150527,638157,262140,1934216,385314,82320,157867,1081085,10095682,917372
MTEL.JK,337520,417786,2015667,701093,40123,3839632,1737990,1779064,248407,503401,179394,16498,2175941,377979,217383,47522,117469,39605,44858,334568,4666468,1900781,2674294,3624698,304637,1749749,463060,136891,0,181838,306076,14447,1669166,99483,232212,14335,775048,125249,2071107,522205,242239,72197,1217976,10232573,1054263
PGEO.JK,70905,190465,1824485,491811,251658,3648450,1546808,1587882,45952,288394,57570,217615,1984758,164144,33860,28823,308651,241824,83114,115518,4475285,1709598,2483111,3433516,113154,1558567,195726,59000,181838,0,123430,177543,1477984,290666,423395,173391,555720,316432,1879925,292848,90035,129881,1026793,10041391,863081
PNBN.JK,66431,94403,1709591,182887,368645,3533555,1431913,1472988,71227,143367,117034,338510,1869864,148963,86820,248755,423546,355744,272160,37791,4360391,1594704,2368217,3318621,22077,1443672,160012,167574,306076,123430,0,316217,1363089,405560,538289,319713,241403,431326,1765030,54448,35035,354671,911899,9926497,755803
POWR.JK,347661,427927,2025808,711233,47987,3849773,1748131,1789205,258548,513541,189535,25063,2186081,388120,227523,42656,103438,54305,47583,344709,4676608,1910921,2684434,3634839,314778,1759890,473200,147031,14447,177543,316217,0,1679307,88129,222072,30214,785188,115109,2081247,532346,252379,35097,1228116,10242714,1064404
PRDA.JK,1331645,1251379,377395,813991,1731735,2170465,405228,247544,1420758,1165765,1489772,1701600,491621,1291187,1451783,1654660,1786636,1718833,1635250,1334598,2997301,171038,888251,1808139,1364528,468866,1206106,1532275,1669166,1477984,1363089,1679307,0,1768650,1901379,1682803,916998,1794416,108587,1146961,1426927,1717761,392459,8563407,404989
PWON.JK,437004,517270,2115151,800577,21771,3939116,1837474,1878548,347891,602884,278878,65147,2275424,477463,316867,104049,21276,44723,120990,434052,4765951,2000264,2773777,3724182,404121,1849233,562544,236374,99483,290666,405560,88129,1768650,0,132729,73267,874531,14101,2170591,621689,341723,42434,1317459,10332057,1153747
SCMA.JK,569733,649999,2247880,933306,169644,4071845,1970203,2011277,480620,735614,411607,199779,2408153,610192,449596,246718,114743,182545,266129,566781,4898680,2132994,2906507,3856911,536850,1981962,695273,369103,232212,423395,538289,222072,1901379,132729,0,218576,1007261,106962,2303320,754418,474452,183618,1450189,10464786,1286476
SIDO.JK,351157,431423,2029304,714729,39667,3853269,1751626,1792701,262044,517037,193030,21917,2189577,391616,231019,54341,95118,22687,45970,348204,4680104,1914417,2687930,3638334,318274,1763386,476696,150527,14335,173391,319713,30214,1682803,73267,218576,0,788684,111613,2084743,535842,255875,49121,1231612,10246210,1067900
SILO.JK,362514,365096,1240619,108283,837616,3064584,933444,996819,472832,223657,595653,807481,1400892,449059,512199,722132,892517,824715,741131,344247,3891419,1090583,1899246,2849650,233477,716031,362429,638157,775048,555720,241403,785188,916998,874531,1007261,788684,0,900298,1262389,190467,394833,823642,468818,9457525,483716
SIMP.JK,462770,543036,2140917,826343,46694,3964882,1863240,1904314,373657,628651,304644,92816,2301190,503229,342633,139756,14060,63702,159166,459818,4791717,2026031,2799544,3749948,429887,1874999,588310,262140,125249,316432,431326,115109,1794416,14101,106962,111613,900298,0,2196357,647455,367489,67892,1343226,10357823,1179513
SMGR.JK,1733586,1653320,260562,1256890,2133675,1768525,551238,362380,1822699,1567706,1891712,2103540,410218,1693127,1853723,2056601,2188576,2120774,2037190,1736538,2595360,69656,581306,1224374,1766469,583095,1608047,1934216,2071107,1879925,1765030,2081247,108587,2170591,2303320,2084743,1262389,2196357,0,1548901,1828868,2119701,642845,8161466,687109
SMSM.JK,105968,86593,1493462,90837,584773,3317426,1215784,1256859,216003,28791,342811,554639,1653735,190780,253507,461064,639675,571872,488289,90892,4144262,1378575,2152088,3102492,60817,1227544,107869,385314,522205,292848,54448,532346,1146961,621689,754418,535842,190467,647455,1548901,0,140004,570800,695770,9710368,456995
SSMS.JK,51986,74071,1773428,332903,304807,3597393,1495751,1536825,54651,181742,49506,274672,1933701,65572,64097,213668,359708,289219,191873,41300,4424228,1658541,2432054,3382459,53861,1507510,90947,82320,242239,90035,35035,252379,1426927,341723,474452,255875,394833,367489,1828868,140004,0,290833,975736,9990334,788298
TAPG.JK,386115,466381,2064262,749687,55808,3888227,1786584,1827659,297002,551995,227163,65245,2224535,425094,248509,38760,56476,56279,41816,383163,4715062,1949375,2722888,3673293,353232,1798344,511654,157867,72197,129881,354671,35097,1717761,42434,183618,49121,823642,67892,2119701,570800,290833,0,1266570,10281168,1102858
TLKM.JK,880455,800189,797691,378587,1280544,2621656,435906,436978,969568,714574,1038581,1250409,957964,839996,1000592,1203470,1335445,1267643,1184059,883407,3448491,480552,1456318,2406722,913338,540879,754915,1081085,1217976,1026793,911899,1228116,392459,1317459,1450189,1231612,468818,1343226,642845,695770,975736,1266570,0,9014597,98956
UNTR.JK,9895052,9814786,8216905,9531480,10295142,6392941,8494583,8453508,9984166,9729172,10053179,10265007,8056632,9854594,10015190,10218067,10350043,10282241,10198657,9898005,5566105,8331792,7558279,6607875,9927936,8482824,9769513,10095682,10232573,10041391,9926497,10242714,8563407,10332057,10464786,10246210,9457525,10357823,8161466,9710368,9990334,10281168,9014597,0,9178310
UNVR.JK,701492,560095,961404,281852,1116832,2785368,562636,523937,805856,428941,874869,1086697,1116451,512016,836880,1039757,1171733,1103931,1020347,719450,3612204,567661,1620030,2570434,755914,737952,426178,917372,1054263,863081,755803,1064404,404989,1153747,1286476,1067900,483716,1179513,687109,456995,788298,1102858,98956,9178310,0
